20 20
0.050 0.100 0.150 0.200 0.250 0.300 0.350 0.400 0.450 0.500 0.550 0.600 0.650 0.700 0.750 0.800 0.850 0.900 0.950 1.000 
0.000 0.053 0.105 0.158 0.211 0.263 0.316 0.368 0.421 0.474 0.526 0.579 0.632 0.684 0.737 0.789 0.842 0.895 0.947 1.000 
0.000 0.000 0.056 0.111 0.167 0.222 0.278 0.333 0.389 0.444 0.500 0.556 0.611 0.667 0.722 0.778 0.833 0.889 0.944 1.000 
0.000 0.000 0.000 0.059 0.118 0.176 0.235 0.294 0.353 0.412 0.471 0.529 0.588 0.647 0.706 0.765 0.824 0.882 0.941 1.000 
0.000 0.000 0.000 0.000 0.063 0.125 0.188 0.250 0.313 0.375 0.438 0.500 0.563 0.625 0.688 0.750 0.813 0.875 0.938 1.000 
0.000 0.000 0.000 0.000 0.000 0.067 0.133 0.200 0.267 0.333 0.400 0.467 0.533 0.600 0.667 0.733 0.800 0.867 0.933 1.000 
0.000 0.000 0.000 0.000 0.000 0.000 0.071 0.143 0.214 0.286 0.357 0.429 0.500 0.571 0.643 0.714 0.786 0.857 0.929 1.000 
0.000 0.000 0.000 0.000 0.000 0.000 0.000 0.077 0.154 0.231 0.308 0.385 0.462 0.538 0.615 0.692 0.769 0.846 0.923 1.000 
0.000 0.000 0.000 0.000 0.000 0.000 0.000 0.000 0.083 0.167 0.250 0.333 0.417 0.500 0.583 0.667 0.750 0.833 0.917 1.000 
0.000 0.000 0.000 0.000 0.000 0.000 0.000 0.000 0.000 0.091 0.182 0.273 0.364 0.455 0.545 0.636 0.727 0.818 0.909 1.000 
0.000 0.000 0.000 0.000 0.000 0.000 0.000 0.000 0.000 0.000 0.100 0.200 0.300 0.400 0.500 0.600 0.700 0.800 0.900 1.000 
0.000 0.000 0.000 0.000 0.000 0.000 0.000 0.000 0.000 0.000 0.000 0.111 0.222 0.333 0.444 0.556 0.667 0.778 0.889 1.000 
0.000 0.000 0.000 0.000 0.000 0.000 0.000 0.000 0.000 0.000 0.000 0.000 0.125 0.250 0.375 0.500 0.625 0.750 0.875 1.000 
0.000 0.000 0.000 0.000 0.000 0.000 0.000 0.000 0.000 0.000 0.000 0.000 0.000 0.143 0.286 0.429 0.571 0.714 0.857 1.000 
0.000 0.000 0.000 0.000 0.000 0.000 0.000 0.000 0.000 0.000 0.000 0.000 0.000 0.000 0.167 0.333 0.500 0.667 0.833 1.000 
0.000 0.000 0.000 0.000 0.000 0.000 0.000 0.000 0.000 0.000 0.000 0.000 0.000 0.000 0.000 0.200 0.400 0.600 0.800 1.000 
0.000 0.000 0.000 0.000 0.000 0.000 0.000 0.000 0.000 0.000 0.000 0.000 0.000 0.000 0.000 0.000 0.250 0.500 0.750 1.000 
0.000 0.000 0.000 0.000 0.000 0.000 0.000 0.000 0.000 0.000 0.000 0.000 0.000 0.000 0.000 0.000 0.000 0.333 0.667 1.000 
0.000 0.000 0.000 0.000 0.000 0.000 0.000 0.000 0.000 0.000 0.000 0.000 0.000 0.000 0.000 0.000 0.000 0.000 0.500 1.000 
0.000 0.000 0.000 0.000 0.000 0.000 0.000 0.000 0.000 0.000 0.000 0.000 0.000 0.000 0.000 0.000 0.000 0.000 0.000 1.000 
